[Fit Parameters]
A = 0.5720860000000000    
S = 0.0835606000000000    
M1 = 140.1889999999999930    
M2 = 140.5000000000000000    
T1e = 0.0300000000000000    
T1n = 1500.0000000000000000    
C = 0.0001360730000000    