[Fit Parameters]
A = 13.9720899999999997    
S = 0.0835610000000000    
M1 = 140.1949999999999930    
M2 = 140.4859999999999900    
T1e = 0.0300000000000000    
T1n = 1500.0000000000000000    
C = 0.0003360730000000    