[Fit Parameters]
A = 0.1000000000000000
S = 0.0235610000000000
M1 = 140.1899999999999980
M2 = 140.4550000000000120
T1e = 0.0300000000000000
T1n = 1500.0000000000000000
C = 0.0009360730000000